100 neurons

DEBUG flwr 2024-02-25 16:00:37,003 | server.py:187 | evaluate_round 25 received 10 results and 0 failures
INFO flwr 2024-02-25 16:00:37,003 | server.py:153 | FL finished in 444.7689977079863
INFO flwr 2024-02-25 16:00:37,003 | app.py:226 | app_fit: losses_distributed [(1, 1.9416736721992494), (2, 1.9415713191032409), (3, 1.9423617243766784), (4, 1.9416856050491333), (5, 1.9422368288040162), (6, 1.9423669934272767), (7, 1.9430590271949768), (8, 1.9429564952850342), (9, 1.9428845524787903), (10, 1.9423705697059632), (11, 1.942538893222809), (12, 1.9423081874847412), (13, 1.942345380783081), (14, 1.9421420574188233), (15, 1.9423901915550232), (16, 1.942635214328766), (17, 1.9428354263305665), (18, 1.9430474162101745), (19, 1.9430474162101745), (20, 1.9430474162101745), (21, 1.9430474162101745), (22, 1.9430474162101745), (23, 1.9430474162101745), (24, 1.9430474162101745), (25, 1.9430474162101745)]
INFO flwr 2024-02-25 16:00:37,003 | app.py:227 | app_fit: metrics_distributed_fit {}
INFO flwr 2024-02-25 16:00:37,003 | app.py:228 | app_fit: metrics_distributed {}
INFO flwr 2024-02-25 16:00:37,003 | app.py:229 | app_fit: losses_centralized [(0, 2.302585092994045), (1, 1.941246394756169), (2, 1.9405259332523757), (3, 1.9406398993875495), (4, 1.9403181757316093), (5, 1.9408046172792077), (6, 1.9405851961783964), (7, 1.9410470240792832), (8, 1.9408680503819147), (9, 1.9408661712629025), (10, 1.9404805186341454), (11, 1.9407789238841355), (12, 1.9405261071205915), (13, 1.9401492558941869), (14, 1.9401928048317953), (15, 1.940291209888283), (16, 1.9403415998749056), (17, 1.940483060772398), (18, 1.9405958088727977), (19, 1.9405958088727977), (20, 1.940595808872798), (21, 1.9405958088727977), (22, 1.9405958088727975), (23, 1.940595808872798), (24, 1.9405958088727977), (25, 1.940595808872798)]
INFO flwr 2024-02-25 16:00:37,003 | app.py:230 | app_fit: metrics_centralized {'accuracy': [(0, 0.113), (1, 0.738), (2, 0.758), (3, 0.761), (4, 0.763), (5, 0.769), (6, 0.762), (7, 0.761), (8, 0.763), (9, 0.763), (10, 0.766), (11, 0.764), (12, 0.76), (13, 0.762), (14, 0.759), (15, 0.762), (16, 0.765), (17, 0.762), (18, 0.767), (19, 0.767), (20, 0.767), (21, 0.767), (22, 0.767), (23, 0.767), (24, 0.767), (25, 0.767)]}


500 neurons
DEBUG flwr 2024-02-25 16:04:32,897 | server.py:187 | evaluate_round 25 received 10 results and 0 failures
INFO flwr 2024-02-25 16:04:32,897 | server.py:153 | FL finished in 10.43900987500092
INFO flwr 2024-02-25 16:04:32,907 | app.py:226 | app_fit: losses_distributed [(1, 1.7843675851821899), (2, 1.7838914155960084), (3, 1.7826349854469299), (4, 1.7822853922843933), (5, 1.7816885232925415), (6, 1.7822882175445556), (7, 1.783343243598938), (8, 1.783978819847107), (9, 1.7837594866752624), (10, 1.7834746718406678), (11, 1.7839905977249146), (12, 1.78374902009964), (13, 1.7837230563163757), (14, 1.783325719833374), (15, 1.7837445497512818), (16, 1.7838724851608276), (17, 1.7841206550598145), (18, 1.7841845750808716), (19, 1.7841845750808716), (20, 1.7841845750808716), (21, 1.7841845750808716), (22, 1.7841845750808716), (23, 1.7841845750808716), (24, 1.7841845750808716), (25, 1.7841845750808716)]
INFO flwr 2024-02-25 16:04:32,907 | app.py:227 | app_fit: metrics_distributed_fit {}
INFO flwr 2024-02-25 16:04:32,907 | app.py:228 | app_fit: metrics_distributed {}
INFO flwr 2024-02-25 16:04:32,907 | app.py:229 | app_fit: losses_centralized [(0, 2.302585092994045), (1, 1.7924596009111993), (2, 1.7861349732039804), (3, 1.7854606329214835), (4, 1.784120420724885), (5, 1.7843676547343437), (6, 1.7832299684726167), (7, 1.7839303378740183), (8, 1.7843385528158457), (9, 1.7842335922950834), (10, 1.7841068484711091), (11, 1.784461964623511), (12, 1.783753737412167), (13, 1.7834793142262109), (14, 1.78330514805176), (15, 1.7832193516623027), (16, 1.7832052457854881), (17, 1.7837764910768146), (18, 1.7838439377363948), (19, 1.7838439377363948), (20, 1.7838439377363948), (21, 1.7838439377363948), (22, 1.783843937736395), (23, 1.783843937736395), (24, 1.783843937736395), (25, 1.7838439377363948)]
INFO flwr 2024-02-25 16:04:32,907 | app.py:230 | app_fit: metrics_centralized {'accuracy': [(0, 0.113), (1, 0.83), (2, 0.867), (3, 0.874), (4, 0.876), (5, 0.874), (6, 0.877), (7, 0.873), (8, 0.875), (9, 0.875), (10, 0.875), (11, 0.87), (12, 0.872), (13, 0.873), (14, 0.876), (15, 0.873), (16, 0.875), (17, 0.874), (18, 0.877), (19, 0.877), (20, 0.877), (21, 0.877), (22, 0.877), (23, 0.877), (24, 0.877), (25, 0.877)]}


1000 neurons
DEBUG flwr 2024-02-25 16:05:49,355 | server.py:187 | evaluate_round 25 received 10 results and 0 failures
INFO flwr 2024-02-25 16:05:49,355 | server.py:153 | FL finished in 24.834472292015562
INFO flwr 2024-02-25 16:05:49,359 | app.py:226 | app_fit: losses_distributed [(1, 1.730280911922455), (2, 1.7243441581726073), (3, 1.7219714641571044), (4, 1.7210620999336244), (5, 1.7212651371955872), (6, 1.7227068305015565), (7, 1.7229318380355836), (8, 1.7236649632453918), (9, 1.7237119555473328), (10, 1.7235136389732362), (11, 1.7239943385124206), (12, 1.724263858795166), (13, 1.7240247011184693), (14, 1.7240144252777099), (15, 1.7239490509033204), (16, 1.724124026298523), (17, 1.7243785619735719), (18, 1.724593710899353), (19, 1.724593710899353), (20, 1.724593710899353), (21, 1.724593710899353), (22, 1.724593710899353), (23, 1.724593710899353), (24, 1.724593710899353), (25, 1.724593710899353)]
INFO flwr 2024-02-25 16:05:49,359 | app.py:227 | app_fit: metrics_distributed_fit {}
INFO flwr 2024-02-25 16:05:49,359 | app.py:228 | app_fit: metrics_distributed {}
INFO flwr 2024-02-25 16:05:49,359 | app.py:229 | app_fit: losses_centralized [(0, 2.302585092994045), (1, 1.7233494812923793), (2, 1.7214828746295514), (3, 1.7205930288688844), (4, 1.720099690745644), (5, 1.7206352629721018), (6, 1.719797297881984), (7, 1.719609477967871), (8, 1.719666766449278), (9, 1.7205711787888707), (10, 1.7206001080744562), (11, 1.7209920047435632), (12, 1.7209839824642843), (13, 1.720430646447893), (14, 1.720757238670677), (15, 1.7210136968214482), (16, 1.7213319923775847), (17, 1.721622955985029), (18, 1.7215749587897369), (19, 1.7215749587897367), (20, 1.7215749587897367), (21, 1.721574958789737), (22, 1.7215749587897367), (23, 1.7215749587897367), (24, 1.721574958789737), (25, 1.7215749587897367)]
INFO flwr 2024-02-25 16:05:49,359 | app.py:230 | app_fit: metrics_centralized {'accuracy': [(0, 0.113), (1, 0.845), (2, 0.888), (3, 0.904), (4, 0.904), (5, 0.905), (6, 0.91), (7, 0.91), (8, 0.916), (9, 0.914), (10, 0.914), (11, 0.917), (12, 0.913), (13, 0.916), (14, 0.914), (15, 0.912), (16, 0.915), (17, 0.916), (18, 0.917), (19, 0.917), (20, 0.917), (21, 0.917), (22, 0.917), (23, 0.917), (24, 0.917), (25, 0.917)]}


2000 neurons
DEBUG flwr 2024-02-25 16:08:26,813 | server.py:187 | evaluate_round 25 received 10 results and 0 failures
INFO flwr 2024-02-25 16:08:26,813 | server.py:153 | FL finished in 65.20842458299012
INFO flwr 2024-02-25 16:08:26,822 | app.py:226 | app_fit: losses_distributed [(1, 1.7201890468597412), (2, 1.6879965543746949), (3, 1.684014892578125), (4, 1.6810319781303407), (5, 1.6784996151924134), (6, 1.6796035289764404), (7, 1.6784807443618774), (8, 1.6784197092056274), (9, 1.6791232824325562), (10, 1.6788640022277832), (11, 1.679218351840973), (12, 1.6789428114891052), (13, 1.6783939599990845), (14, 1.678180992603302), (15, 1.6777397036552428), (16, 1.6777899026870728), (17, 1.6782145380973816), (18, 1.6781167030334472), (19, 1.6781167030334472), (20, 1.6781167030334472), (21, 1.6781167030334472), (22, 1.6781167030334472), (23, 1.6781167030334472), (24, 1.6781167030334472), (25, 1.6781167030334472)]
INFO flwr 2024-02-25 16:08:26,822 | app.py:227 | app_fit: metrics_distributed_fit {}
INFO flwr 2024-02-25 16:08:26,822 | app.py:228 | app_fit: metrics_distributed {}
INFO flwr 2024-02-25 16:08:26,822 | app.py:229 | app_fit: losses_centralized [(0, 2.302585092994045), (1, 1.7272268528331733), (2, 1.683316193010676), (3, 1.6814720522012374), (4, 1.6800889510294537), (5, 1.6766101176348558), (6, 1.677236722239911), (7, 1.6769241480516703), (8, 1.6775568389968445), (9, 1.6776517000486073), (10, 1.6775115714057034), (11, 1.677762642920487), (12, 1.6785876698565338), (13, 1.6782323557538747), (14, 1.6779643701137326), (15, 1.677893854850015), (16, 1.6779659543779761), (17, 1.6782270522311848), (18, 1.6777169423749905), (19, 1.6777169423749905), (20, 1.6777169423749902), (21, 1.6777169423749905), (22, 1.6777169423749907), (23, 1.6777169423749902), (24, 1.6777169423749907), (25, 1.6777169423749907)]
INFO flwr 2024-02-25 16:08:26,822 | app.py:230 | app_fit: metrics_centralized {'accuracy': [(0, 0.113), (1, 0.734), (2, 0.871), (3, 0.901), (4, 0.91), (5, 0.919), (6, 0.92), (7, 0.926), (8, 0.92), (9, 0.925), (10, 0.923), (11, 0.924), (12, 0.924), (13, 0.933), (14, 0.931), (15, 0.93), (16, 0.931), (17, 0.928), (18, 0.929), (19, 0.929), (20, 0.929), (21, 0.929), (22, 0.929), (23, 0.929), (24, 0.929), (25, 0.929)]}


3000 neurons
DEBUG flwr 2024-02-25 16:17:57,923 | server.py:187 | evaluate_round 25 received 8 results and 0 failures
INFO flwr 2024-02-25 16:17:57,923 | server.py:153 | FL finished in 163.8189202079957
INFO flwr 2024-02-25 16:17:57,939 | app.py:226 | app_fit: losses_distributed [(1, 1.7020235657691956), (2, 1.6754361242055893), (3, 1.6642536669969559), (4, 1.6612823754549026), (5, 1.6597518026828766), (6, 1.6594548523426056), (7, 1.6576159000396729), (8, 1.6565776467323303), (9, 1.6556839644908905), (10, 1.6554379612207413), (11, 1.654228761792183), (12, 1.6543643474578857), (13, 1.6540268510580063), (14, 1.6539871990680695), (15, 1.6543100625276566), (16, 1.6544993370771408), (17, 1.6542529612779617), (18, 1.6542790085077286), (19, 1.6542790085077286), (20, 1.6542790085077286), (21, 1.6542790085077286), (22, 1.6542790085077286), (23, 1.6542790085077286), (24, 1.6542790085077286), (25, 1.6542790085077286)]
INFO flwr 2024-02-25 16:17:57,939 | app.py:227 | app_fit: metrics_distributed_fit {}
INFO flwr 2024-02-25 16:17:57,939 | app.py:228 | app_fit: metrics_distributed {}
INFO flwr 2024-02-25 16:17:57,939 | app.py:229 | app_fit: losses_centralized [(0, 2.302585092994045), (1, 1.6936609479413705), (2, 1.6699314842687167), (3, 1.65789886532665), (4, 1.6544437606492635), (5, 1.650660164377072), (6, 1.6505256770112309), (7, 1.6516247750886888), (8, 1.6511668637615367), (9, 1.651137869917529), (10, 1.6516885920403426), (11, 1.6521738588061274), (12, 1.6516532680944171), (13, 1.650996251090943), (14, 1.6513596517729305), (15, 1.65131161206449), (16, 1.651083507679493), (17, 1.6506653783794034), (18, 1.6504123872545364), (19, 1.6504123872545364), (20, 1.6504123872545362), (21, 1.6504123872545364), (22, 1.6504123872545364), (23, 1.6504123872545364), (24, 1.6504123872545364), (25, 1.6504123872545364)]
INFO flwr 2024-02-25 16:17:57,940 | app.py:230 | app_fit: metrics_centralized {'accuracy': [(0, 0.113), (1, 0.797), (2, 0.87), (3, 0.916), (4, 0.925), (5, 0.931), (6, 0.935), (7, 0.943), (8, 0.943), (9, 0.944), (10, 0.95), (11, 0.944), (12, 0.94), (13, 0.944), (14, 0.944), (15, 0.943), (16, 0.946), (17, 0.948), (18, 0.948), (19, 0.948), (20, 0.948), (21, 0.948), (22, 0.948), (23, 0.948), (24, 0.948), (25, 0.948)]}


5000 neurons
DEBUG flwr 2024-02-25 16:42:28,640 | server.py:187 | evaluate_round 25 received 10 results and 0 failures
INFO flwr 2024-02-25 16:42:28,640 | server.py:153 | FL finished in 1261.7057731249952
INFO flwr 2024-02-25 16:42:28,734 | app.py:226 | app_fit: losses_distributed [(1, 1.6746010184288025), (2, 1.6619277834892272), (3, 1.642153227329254), (4, 1.6346578359603883), (5, 1.628898847103119), (6, 1.626166832447052), (7, 1.623738992214203), (8, 1.6240652441978454), (9, 1.624497652053833), (10, 1.6239174604415894), (11, 1.6237266540527344), (12, 1.6231547951698304), (13, 1.6228903651237487), (14, 1.622526800632477), (15, 1.6219992876052856), (16, 1.6220466852188111), (17, 1.622750163078308), (18, 1.6228906989097596), (19, 1.6228906989097596), (20, 1.6228906989097596), (21, 1.6228906989097596), (22, 1.6228906989097596), (23, 1.6228906989097596), (24, 1.6228906989097596), (25, 1.6228906989097596)]
INFO flwr 2024-02-25 16:42:28,735 | app.py:227 | app_fit: metrics_distributed_fit {}
INFO flwr 2024-02-25 16:42:28,735 | app.py:228 | app_fit: metrics_distributed {}
INFO flwr 2024-02-25 16:42:28,735 | app.py:229 | app_fit: losses_centralized [(0, 2.302585092994046), (1, 1.67186154595805), (2, 1.6579581304740674), (3, 1.6299273395257388), (4, 1.6252253279757753), (5, 1.62015764310284), (6, 1.6203589029513288), (7, 1.6189200800276384), (8, 1.6201220996285894), (9, 1.6203294093427978), (10, 1.61999164572687), (11, 1.6193673643232556), (12, 1.6184024433584037), (13, 1.617999337503623), (14, 1.617760349102838), (15, 1.616615934332888), (16, 1.6163050172207967), (17, 1.6156768089004174), (18, 1.6152349788357157), (19, 1.6152349788357152), (20, 1.615234978835715), (21, 1.615234978835715), (22, 1.6152349788357152), (23, 1.6152349788357152), (24, 1.6152349788357152), (25, 1.6152349788357152)]
INFO flwr 2024-02-25 16:42:28,735 | app.py:230 | app_fit: metrics_centralized {'accuracy': [(0, 0.08938212357528494), (1, 0.8974205158968206), (2, 0.7936412717456509), (3, 0.8908218356328734), (4, 0.9244151169766047), (5, 0.9400119976004799), (6, 0.9418116376724655), (7, 0.946010797840432), (8, 0.9472105578884223), (9, 0.9508098380323935), (10, 0.9514097180563887), (11, 0.9520095980803839), (12, 0.9526094781043791), (13, 0.9568086382723455), (14, 0.9568086382723455), (15, 0.9538092381523695), (16, 0.9580083983203359), (17, 0.9580083983203359), (18, 0.9592081583683263), (19, 0.9592081583683263), (20, 0.9592081583683263), (21, 0.9592081583683263), (22, 0.9592081583683263), (23, 0.9592081583683263), (24, 0.9592081583683263), (25, 0.9592081583683263)]}

